0 0.9214 0.9534
1 0.859 0.928
2 0.8024 0.9154
3 0.7545 0.914
4 0.722 0.9251
5 0.6968 0.9245
6 0.6795 0.9198
7 0.6676 0.9319
8 0.6581 0.9329
9 0.6508 0.9394
10 0.6444 0.9391
11 0.6399 0.9437
12 0.6347 0.9425
13 0.6324 0.9425
14 0.6298 0.9399
15 0.6272 0.9512
16 0.6242 0.9451
17 0.6209 0.9475
18 0.6212 0.9505
19 0.6186 0.9532
20 0.6172 0.9429
21 0.6176 0.9554
22 0.615 0.955
23 0.6154 0.9451
24 0.6159 0.9541
25 0.6123 0.9508
26 0.6123 0.9489
27 0.6115 0.954
28 0.6097 0.9566
29 0.6099 0.9508
0 1.0737 1.0506
1 0.9929 1.004
2 0.9576 0.978
3 0.9375 0.9627
4 0.9242 0.9516
5 0.9151 0.9437
6 0.9081 0.9382
7 0.9026 0.9331
8 0.8983 0.9311
0 1.0771 1.0553
1 0.9952 1.005
2 0.96 0.9806
3 0.9397 0.9641
4 0.9267 0.9524
5 0.9176 0.9447
6 0.9108 0.9398
0 1.0813 1.0577
1 0.9981 1.007
2 0.962 0.9802
3 0.9413 0.9646
4 0.9279 0.9533
5 0.9188 0.9452
6 0.9122 0.9402
7 0.9068 0.9356
8 0.9024 0.9314
9 0.8988 0.9287
10 0.8957 0.9262
11 0.8931 0.9261
12 0.8905 0.923
13 0.8882 0.922
14 0.8859 0.9202
15 0.8839 0.9187
16 0.8814 0.9177
17 0.8794 0.9171
18 0.877 0.9162
19 0.8747 0.9142
20 0.8724 0.9124
21 0.8698 0.9119
22 0.8672 0.9095
23 0.8647 0.9081
24 0.8621 0.9075
25 0.8595 0.9056
26 0.8568 0.9045
27 0.854 0.9037
28 0.8513 0.9022
0 1.0795 1.052
1 0.9974 1.0034
2 0.9619 0.9778
3 0.9415 0.9611
4 0.9285 0.9522
5 0.9194 0.9444
6 0.9127 0.9387
7 0.9074 0.9339
8 0.9033 0.9303
9 0.8998 0.9268
10 0.8968 0.9256
11 0.8939 0.9226
12 0.8915 0.9218
13 0.8893 0.9199
14 0.8869 0.9195
15 0.8847 0.9177
16 0.8826 0.9168
17 0.8804 0.9152
18 0.8784 0.9147
19 0.876 0.9129
20 0.8737 0.912
21 0.8714 0.911
22 0.8689 0.9093
23 0.8665 0.9081
24 0.8638 0.9067
25 0.8612 0.906
26 0.8584 0.9045
27 0.8559 0.9028
28 0.8531 0.9011
29 0.8504 0.9005
30 0.8477 0.8996
31 0.8451 0.8985
32 0.8423 0.8974
33 0.8397 0.8956
34 0.8372 0.895
35 0.8346 0.8944
36 0.8321 0.8934
37 0.8296 0.8928
38 0.8273 0.8916
39 0.8249 0.8914
40 0.8225 0.8911
41 0.8202 0.8904
42 0.8179 0.8899
43 0.8155 0.8892
44 0.8134 0.8885
45 0.811 0.8885
46 0.809 0.8877
47 0.8069 0.8879
48 0.8048 0.8871
49 0.8027 0.8868
50 0.8006 0.8867
51 0.7986 0.886
52 0.7966 0.8864
53 0.7947 0.8859
54 0.7927 0.8853
55 0.7908 0.885
56 0.789 0.8848
57 0.787 0.8842
58 0.7854 0.8844
59 0.7836 0.8838
60 0.7818 0.8833
61 0.78 0.8837
62 0.7784 0.8837
63 0.7767 0.8838
64 0.7752 0.8838
65 0.7736 0.8831
66 0.7721 0.8831
67 0.7706 0.8832
68 0.7691 0.8832
69 0.7676 0.883
70 0.7662 0.8825
71 0.7648 0.8826
72 0.7634 0.8829
73 0.7621 0.8826
74 0.7607 0.8825
75 0.7595 0.8825
76 0.7583 0.8822
77 0.757 0.8824
78 0.7558 0.8827
79 0.7545 0.8818
0 0.9988 1.0075
1 0.9418 0.9683
2 0.9197 0.9492
3 0.9073 0.9374
4 0.8995 0.9289
5 0.8934 0.9275
6 0.8888 0.9255
7 0.8837 0.9214
8 0.8791 0.9191
9 0.8742 0.9156
10 0.8691 0.9128
11 0.864 0.9117
12 0.8587 0.9087
13 0.8531 0.9056
14 0.8478 0.9018
15 0.8424 0.9004
16 0.8373 0.8974
17 0.8325 0.8967
18 0.8276 0.8971
19 0.8226 0.8928
20 0.818 0.8937
21 0.8138 0.893
22 0.8094 0.8919
23 0.8051 0.8894
24 0.801 0.8895
25 0.7968 0.8889
26 0.793 0.8887
27 0.7893 0.8883
28 0.7857 0.8888
29 0.7822 0.886
30 0.7787 0.8864
31 0.7755 0.8869
32 0.7723 0.889
33 0.7691 0.8871
34 0.7663 0.8861
35 0.7636 0.8871
36 0.7608 0.8853
37 0.7583 0.8849
38 0.7557 0.8856
39 0.7531 0.8853
40 0.7507 0.8853
41 0.7487 0.886
42 0.7464 0.8842
43 0.7444 0.8848
44 0.7423 0.8852
45 0.7405 0.8855
46 0.7387 0.8856
47 0.7369 0.8843
48 0.7354 0.8863
49 0.7336 0.8848
50 0.732 0.8845
51 0.7307 0.885
52 0.7291 0.8847
53 0.7277 0.8852
54 0.7264 0.8855
55 0.7251 0.8849
56 0.7239 0.8864
57 0.7225 0.8852
58 0.7216 0.8845
59 0.7204 0.8849
60 0.7194 0.8851
61 0.7185 0.8843
62 0.7176 0.8859
63 0.7166 0.8854
64 0.7154 0.8849
65 0.7147 0.8852
66 0.7137 0.8855
67 0.713 0.885
68 0.7123 0.8862
69 0.7116 0.887
70 0.7108 0.8858
71 0.7098 0.886
72 0.7094 0.8853
73 0.7086 0.8859
74 0.7079 0.8868
75 0.7072 0.8859
76 0.7069 0.8863
77 0.7062 0.8848
78 0.7057 0.8871
79 0.7049 0.886
